1904
1861
1796
1929
1958
1880
1871
1952
1952
1936
1928
1967
1879
1922
1924
1952
1952
1936
1886
1904
1861
1796
1929
1866
1869
1872
1880
1871
1952
1952
1936
1929
1857
1869
1928
1967
1985
1832
1842
1959
1956
1890
1952
1928
1967
1879
1922
1924
1925
1926
1926
1954
1946
1913
1926
1818
1962
1945
1918
1959
1901
1924
1851
1595
1974
1987
1901
1901
1955
1949
1995
1603
1608
1609
1955
1830
1760
1923
1726
1955
1995
1603
1608
1609
1955
1830
1760
1923
1726
1955
1877
1886
1884
1995
1603
1608
1609
1955
1830
1760